985121965 
985335156 
986588710 
987580710 
988272850 
988360210 
988432161 
988747080 
988923821 
988930689 
989050822 
989086708 
989087244 
989102481 
989104901 
989111672 
989126697 
989126924 
989141125 
989147391 
989147536 
989147704 
989151702 
989156264 
989157279 
989163203 
989194143 
989196620 
989220605 
989222200 
989232573 
989251817 
989258693 
989261177 
989261822 
989262440 
989274208 
989284962 
989324963 
989325131 
989325157 
989326217 
989326228 
989326238 
989326267 
989326380 
989327451 
989333257 
989333326 
989341587 
989342705 
989342818 
989353195 
989353307 
989353326 
989353477 
989353543 
989353643 
989353754 
989353889 
989353967 
989353979 
989354008 
989354176 
989354177 
989354193 
989354209 
989354285 
989354287 
989354440 
989354650 
989354747 
989355009 
989355126 
989355157 
989355479 
989355559 
989355578 
989355604 
989355672 
989355741 
989355787 
989358210 
989358227 
989358425 
989358557 
989358601 
989358634 
989358895 
989359038 
989375004 
989390282 
989394178 
989396903 
989408429 
989413634 
989416042 
989418075 
989421212 
989424750 
989424991 
989437434 
989439961 
989440886 
989441446 
989447343 
989452290 
989453020 
989458239 
989463386 
989464995 
989468698 
989479050 
989479145 
989479660 
989479664 
989479725 
989479844 
989479863 
989479954 
989481359 
989481730 
989481784 
989481874 
989482175 
989482194 
989482212 
989482347 
989482350 
989483033 
989483119 
989483421 
989483817 
989484400 
989484700 
989484839 
989484886 
989485579 
989485680 
989485811 
989486032 
989486064 
989486086 
989486130 
989487001 
989487047 
989487365 
989487367 
989488462 
989489111 
989489115 
989489272 
989489410 
989489951 
989489977 
989490102 
989490151 
989490167 
989490467 
989490751 
989492177 
989492211 
989492432 
989492478 
989492693 
989492899 
989493031 
989493234 
989493385 
989494144 
989494286 
989494498 
989495012 
989495059 
989495154 
989495232 
989495306 
989496332 
989496366 
989498770 
989501057 
989501531 
989502146 
989502201 
989502364 
989505469 
989506089 
989506132 
989506696 
989507478 
989507670 
989507869 
989510272 
989511049 
989511357 
989513611 
989513771 
989516602 
989522811 
989525659 
989526333 
989527628 
989528084 
989533445 
989538297 
989590921 
989596885 
989656466 
989825725 
989924136 
989933320 
989940318 
989945884 
989946085 
989991847 
989992777 
990002472 
990005492 
990009729 
990015875 
990019344 
990025796 
990036830 
990044000 
990044658 
990065559 
990078698 
990083863 
990111914 
990134602 
990140114 
990216574 
990216830 
990219286 
990222263 
990225285 
990236399 
990237488 
990239422 
990256590 
990257632 
990258871 
990259378 
990259746 
990260641 
990262571 
990264710 
990264897 
990265454 
990265545 
990269007 
990270873 
990271718 
990271748 
990271833 
990272045 
990273227 
990273522 
990274180 
990274437 
990275279 
990275471 
990276544 
990278390 
990278555 
990278789 
990279325 
990282964 
990283928 
990284624 
990285545 
990286381 
990286409 
990286634 
990286796 
990287307 
990287862 
990288293 
990288318 
990288455 
990290100 
990290210 
990291304 
990293135 
990294354 
990294764 
990298086 
990298219 
990300207 
990300902 
990301112 
990301419 
990302980 
990303738 
990304644 
990304923 
990306358 
990306706 
990307718 
990311042 
990311453 
990312038 
990312118 
990312450 
990313539 
990313660 
990314053 
990314410 
990314791 
990316157 
990316248 
990316343 
990317782 
990318188 
990318279 
990318417 
990320159 
990321204 
990322501 
990325282 
990325330 
990325613 
990326052 
990326797 
990327802 
990330118 
990331003 
990331267 
990333260 
990333853 
990334186 
990334530 
990341862 
990348254 
990350813 
990357890 
990360177 
990361993 
990362832 
990363307 
990365853 
990366470 
990369996 
990370991 
990386497 
990400914 
990456001 
990458556 
990505109 
990514720 
990529364 
990549039 
990550335 
990552416 
990552710 
990552760 
990555211 
990559284 
990559612 
990560789 
990562842 
990567393 
990572389 
990573466 
990574209 
990575229 
990575231 
990578288 
990579686 
990582045 
990585284 
990588043 
990596716 
990596977 
990598426 
990599992 
990600106 
990600461 
990601328 
990602468 
990602851 
990604564 
990604765 
990604880 
990604971 
990605287 
990606020 
990608040 
990609281 
990609444 
990611198 
990611421 
990611541 
990612360 
990612660 
990613326 
990613655 
990621690 
990625405 
990638700 
990640103 
990641311 
990643071 
990645299 
990645558 
990647133 
990648086 
990649144 
990650028 
990651076 
990651387 
990652244 
990652505 
990652826 
990652963 
990653424 
990655356 
990655787 
990657041 
990657159 
990657823 
990657923 
990658781 
990659910 
990660777 
990661091 
990661530 
990666022 
990668878 
990671961 
990672486 
990673742 
990674044 
990674159 
990675094 
990676590 
990676771 
990676824 
990676912 
990677074 
990677682 
990677991 
990678399 
990680141 
990680161 
990681020 
990681287 
990681446 
990681824 
990682527 
990682550 
990684730 
990687267 
990688066 
990690777 
990694430 
990694809 
990695417 
990696878 
990697477 
990697589 
990705642 
990706278 
990707312 
990708471 
990713299 
990714210 
990715172 
990715418 
990715636 
990716150 
990717214 
990717897 
990718568 
990720085 
990721849 
990722935 
990723721 
990723863 
990728466 
990728532 
990729933 
990732274 
990734762 
990739189 
990741109 
990742861 
990744711 
990745618 
990745635 
990748409 
990749998 
990750193 
990751090 
990751595 
990752674 
990752836 
990753769 
990754308 
990765853 
990768332 
990769278 
990770835 
990771349 
990776216 
990776501 
990777076 
990778608 
990778967 
990781500 
990782788 
990783153 
990783349 
990784379 
990784381 
990786433 
990787538 
990788252 
990788895 
990789065 
990789219 
990789234 
990790146 
990790768 
990791026 
990791233 
990793040 
990793430 
990794419 
990797269 
990797298 
990799462 
990800385 
990800946 
990801144 
990802738 
990804358 
990804755 
990805510 
990807985 
990811955 
990812368 
990814546 
990819566 
990820069 
990821710 
990822471 
990822968 
990824366 
990824898 
990829408 
990831468 
990831770 
990831787 
990833022 
990836824 
990837392 
990837537 
990837582 
990842347 
990843108 
990843377 
990844086 
990848033 
990848614 
990849211 
990849521 
990850593 
990850919 
990851392 
990854325 
990855383 
990855509 
990856266 
990857063 
990857096 
990859316 
990859471 
990859545 
990861095 
990862217 
990863047 
990863956 
990864814 
990866895 
990868034 
990868504 
990868591 
990868747 
990869187 
990869649 
990869868 
990870488 
990870497 
990870596 
990870636 
990870919 
990872415 
990873060 
990873593 
990874107 
990874300 
990874632 
990874964 
990875374 
990876088 
990876790 
990877204 
990878160 
990878226 
990878400 
990878745 
990879331 
990880091 
990880504 
990881432 
990881697 
990882572 
990883676 
990884202 
990887469 
990888601 
990888950 
990889645 
990890411 
990890728 
990892734 
990892808 
990894515 
990894801 
990895422 
990896376 
990896485 
990896536 
990897590 
990899085 
990900610 
990901778 
990905619 
990907399 
990908303 
990909324 
990911835 
990916632 
990917368 
990917794 
990918737 
990919279 
990919804 
990919971 
990921413 
990922559 
990926202 
990929285 
990930662 
990950277 
990956413 
990958087 
990962533 
990962575 
990966466 
990968209 
990971996 
990974892 
990975778 
990978249 
990980713 
990980872 
990983209 
990988630 
990989564 
990989771 
990990692 
990995100 
990997640 
990999424 
991013417 
991014130 
991018166 
991019466 
991024464 
991026741 
991030747 
991032163 
991033156 
991034316 
991036185 
991039480 
991047484 
991057132 
991059539 
991072544 
991077261 
991081246 
991084359 
991091347 
991094993 
991097425 
991102938 
991111681 
991132252 
991167628 
991172305 
991176266 
991177761 
991177945 
991189602 
991193201 
991199346 
991213445 
991237646 
991244311 
991296151 
991298646 
991306233 
991307866 
991316080 
991328451 
991332132 
991332770 
991339248 
991343067 
991345338 
991357314 
991372833 
991380394 
991387648 
991388583 
991392490 
991412432 
991423393 
991425989 
991426441 
991430115 
991431754 
991432042 
991469917 
991470812 
991486005 
991494197 
991533211 
991552923 
991764809 
991911006
